91.49408837158936
78.90931665094438
72.87837691960645
116.54277293536875
109.1679071064165
116.24954768321254
126.10694018280574
102.20503759927115
118.61479339360994
120.04511902629615
119.82876036165976
117.14228270879724
119.37521503710425
124.66286219536043
128.4007971868272
114.926049997263
116.19198412698412
108.11032738278308
129.64832078833518
120.39749552046139
121.3323913132252
135.7093278113785
113.96533273444838
133.41037037037034
127.83401490058104
133.57810630406595
131.81625215468608
121.90565606753663
121.29811292244901
128.06515189651017
138.92449535724646
139.20679530944906
137.8410073559654
149.74109371507475
149.7048363507817
140.77675309488578
155.06135054642132
127.6937045340486
137.33582654005698
142.66618240804536
140.51889352097905
143.37401245998308
140.25872364240269
140.09357113401157
135.12398611653467
135.6227462393602
144.01788407367627
141.34820385966515
138.6768610422435
130.23271471897004
145.6089996216029
139.8722394391162
153.3801634663836
146.66336688328929
152.80880642009734
148.81343900374077
147.69938018082988
166.37921584327128
150.16846383132616
146.13492063492063
155.78776190770245
150.27388626343304
167.11735410327867
158.08697899899755
158.27556684761674
147.0169550135707
164.26346043670165
152.27921661088462
148.44832570819705
143.76156594640338
149.20078980129037
161.42587946297644
159.64776981946028
159.59779076138472
160.90568602977413
147.70979793404848
165.59940679887225
149.42589286181325
146.71777777777777
154.44575514834696
164.0645895326959
149.2963170179848
152.60863208162036
153.45978380890656
167.26855981169257
172.92897849958538
152.6979650468057
163.73946630261392
155.0394111223922
165.08295323564386
152.50919344235677
151.4993393741072
165.03658711776137
159.2059164728893
149.73850952121484
156.45921426628547
149.40908115302005
147.60565471686465
158.62001037939075
147.74874446457193
151.6210448897701
156.68993076310772
150.1287629352408
150.6895167608249
149.6833067018267
151.69029091666533
153.07179860595033
157.8853921400499
152.1679208297682
139.90986848656036
152.24393487791787
154.80823115127845
144.19083604978331
153.99787115829363
142.94436595582184
148.04682328749908
151.2907256046882
144.81093314977588
148.94313859118228
152.96589750059053
146.48525978676008
140.28683009631388
133.0965446427951
125.83593452799278
144.09465860827459
135.24683151173855
139.15088495324395
150.6214917121544
146.232288498951
145.86975631427748
155.7450883412186
149.03296026472975
147.44517983681615
137.35420337649265
130.11430159533535
144.48110921494953
146.13151706212355
143.56017944723234
137.76338624338624
142.20132551678392
157.0509935305353
148.76228843086614
156.17968013330284
150.5583863472345
142.92952457703086
146.97421794066432
162.77288359788358
148.0339417989418
152.86615217638138
145.18667760879873
151.2622767246767
144.25563492063492
161.55499720884936
149.2560238289825
155.60775507065446
157.88514962398753
156.9303463932447
165.6904413821136
162.1999449751266
166.99304673639932
172.51592314186254
163.54017400428967
167.80109236506698
161.88586080960164
162.42955428680688
160.58953648537917
164.97548268931283
168.84963808702196
165.68460317460318
165.5353662895176
175.62162641959054
162.84027295093824
166.8646535128192
172.39933303608416
163.09487339787427
169.5058288742628
166.2892313205935
168.00020569478426
168.85825569347716
160.8991467645493
162.49403763264667
158.332999908064
149.2597001685152
143.3508201058201
147.9569644547067
145.15559831685363
142.82642857142858
132.36235086274291
145.62806878306878
134.12013320563597
116.92433303839164
146.86801587301585
151.21254800633542
154.63659345910415
165.52368773875185
158.71921103839048
153.72785717890542
153.37409653786258
161.37256316485244
153.88341838174225
157.9107712890026
163.1254324060389
167.88833333333332
148.59229577110455
137.5852269143426
137.07822321671807
151.74315727376376
154.45897737958387
161.8310204638882
151.81753108952074
156.6526542710882
158.7953193940388
152.77921742846485
159.60539682539678
168.0245570472993
158.2891915519172
162.0067664120439
149.9458797041103
167.46121124178904
165.01882105646774
170.22566017487338
162.21519587110583
174.09449667832465
169.51391561839586
165.07322045257197
169.20810828100102
159.58922932546798
173.796939998656
172.69719724959995
166.25287730032355
178.39151205035154
149.00159235728842
169.33660758576193
181.80609366251997
148.26891231811143
151.31521205778878
154.6977050016505
141.92303209085668
162.1675006408239
165.20517626915031
155.07556055097848
145.2899792890218
160.9147529615042
150.8238242850736
159.39296937062045
157.0229245177127
142.31759384466125
160.9634961400941
155.7336101792571
147.49220356818995
170.1464284713494
158.66209205792563
150.60877667426047
160.5709107146089
149.24456001719005
171.73221285498593
157.53765712323928
155.00836149495876
157.80817474205705
164.7636125541594
164.55900718028744
168.46772798522795
159.72428685465098
150.05896180575172
162.75202624353233
166.4528941375467
154.1105865599847
145.9082484115045
155.9176489953466
155.92552098536152
155.19953759831168
166.8508219739211
148.87938549644497
160.9180041657142
161.48714927848886
161.0424178113427
140.96633432406867
170.40147870230012
163.92351006091982
156.3816725996991
161.10603472668194
147.87955958927284
155.8115468561032
163.23788337261712
166.48280529458498
168.2175200762832
153.8994277373523
152.26245999058386
158.37995546050274
164.00260669640912
156.26643609422462
173.63453051603253
166.5022609789913
165.6819460643126
169.09430234456622
172.97233551040327
162.73478092753945
163.1625350720085
176.73350148557046
173.11415819126393
162.33132334482258
158.0002150560759
167.72536848578218
174.9024967431715
164.5115684575285
157.52634212092372
166.42929510075368
179.21046590352893
183.57784165708708
173.00236507911873
169.47818720846655
157.96677781954872
165.29998102579162
159.08875240602674
171.21849705456353
158.07906659319434
169.34890501864143
153.2182942388268
161.69206280767304
164.60709135225238
163.18494295948167
166.5991179784207
163.39292149318027
161.06091023460812
156.5303963261357
168.51199326690204
150.70019959965845
163.17272387490445
154.49093224126074
167.97427522679862
167.91186594447976
159.70206118122226
168.06596844463695
165.9946063891399
149.6180755583943
166.6884667272371
163.71409980939012
170.3564652563763
173.353936584445
164.2674653512819
163.7684821035848
164.01045790509883
152.150825711269
162.48265792400164
168.36868695474547
153.12222764678287
161.290591968373
154.7939714260389
159.8941575386979
175.27726163453954
167.36166462546942
158.9821459599089
164.81317985106082
165.86045994771837
170.36099075562146
160.34972975428255
156.41223750008288
157.57259713225957
154.61829721113222
163.69836760318336
167.4020644172437
164.73597101684476
165.23546856384726
164.45323179855714
159.73478512543028
164.7866666666667
165.8733483902707
162.51953089986569
159.23039309025717
153.270372025163
162.9255979303443
168.65868133697194
163.01231680800416
158.9005849213574
157.02125768207503
166.81903195327914
156.69780515462463
162.5632255411083
167.10227254715613
168.3353284894327
163.89463652745417
153.88099866046878
156.07244437096855
152.75403914203088
167.2177583969263
143.82669014897942
166.3727427297324
164.8820709507822
165.7775763283752
163.738924112358
175.78957237193944
156.23846447416545
152.36121417059266
165.0053173246909
153.04778281159935
154.03445813286788
164.08781300124693
164.18277327799427
149.73748932487393
166.34784165708712
162.78868557247296
164.46512198458623
173.14402591172802
159.9784647617521
172.95341037159264
163.33730305405578
163.7496538298904
166.55565587942505
170.0691805403764
160.96990490318012
166.56712693411401
172.27394561630095
170.9062054612629
164.2872272454389
170.6686050650741
154.22041740878268
162.68884762111298
162.45589779867538
168.7969841269841
165.16705783618914
163.57798166658372
163.9175828564794
176.2750615287972
173.3154295391592
166.18482538082617
171.0198323517002
168.51947106725552
167.46429812470828
167.25951566482468
167.83987112173085
170.28519733799564
153.85790518697385
165.6873227072087
169.02836527298797
174.87156933062062
159.900301338744
169.23589901487915
175.67486550191052
176.37022241369752
167.1662437275632
170.30445112293864
162.298404614618
166.43676761330795
164.7097825689713
162.71405232851583
157.00886444779604
161.07070947511448
164.67501712207311
158.0490544865174
147.23803291048213
146.53107915076643
156.84074253469106
156.07308659498636
158.1401484122244
172.2200495525928
155.40718655283982
166.6605348103801
163.4112830776321
166.18497540496068
161.2556494848066
168.91491164185695
168.08040563165517
170.31122785670865
173.28
163.1364144785383
172.04532016612407
179.7706860417063
177.3767723370741
177.09473670003786
168.68333333333334
179.3712206184985
166.96688568144148
169.80787561540768
183.5611161449327
177.42126047751256
172.0711932854796
168.83924073564722
181.6611508973881
181.12222222222223
173.4540931365294
166.25192675098043
183.24444444444447
170.0502348231276
190.56670190341788
166.15112221707022
158.68527174410332
148.28102938765338
148.0703956290821
154.085224187956
168.37202876327984
154.15212366422716
170.25618960553555
177.59226918684772
173.22783709427932
165.47778690339342
178.0611345934239
177.2780016177697
167.40893780770384
170.68010240043773
168.91687024627004
