127.93876022706006
121.65393892489001
124.95384017592727
129.24044517074947
131.15343979157447
132.87074591157193
136.49690033112466
139.28422996121333
142.7163759363403
144.5799687023813
146.85332805341224
152.21368326720233
157.06809681253802
160.76193614893072
164.56246904695098
169.14098539218793
171.6896233322146
173.84912948390905
175.23390351620696
177.1018558251165
179.8639134562219
179.68535294049923
177.75876018805266
177.5018185964856
176.74236310056125
175.82921571702406
175.17394161159672
174.84513612422867
174.51204287728427
174.7796197436258
174.94604280710868
176.219301280404
178.2616734368684
179.0698813155031
180.35690035764935
180.3270778166505
181.210621726071
182.33578173492282
183.0211905302338
183.47955593710665
184.18802098220834
185.1125331192923
185.80342164635042
186.057739411762
187.16092603278094
187.80707533978602
188.12939379756807
188.87172940021486
189.68378758545208
189.66294040352352
190.27413013233547
190.47001850634408
191.1222518126013
191.50570622289393
191.22065813749876
191.90452373776816
192.54852679094643
192.44923965790116
192.17634137153428
192.5440632741753
192.73794867820112
193.51811882657188
193.65030111618984
194.05653111773816
194.66789385516262
195.09162862374407
195.38739822808782
195.3883916729771
195.34865736969746
195.86369885933706
196.31823213200659
195.7857543779127
195.84255406508265
196.1434290500449
196.30316238047197
196.20628397571792
195.9953396386634
196.11009172467703
196.70022687114871
196.47137465524517
195.89034912122224
196.14608301757465
196.3324597759631
196.18157369476359
195.8814452218855
196.1663650995142
196.228523016264
196.47769264247603
195.90446151703944
195.4305245190502
195.78511734978514
195.99935409561323
195.81933434005967
195.8627881636859
196.1524376061241
195.8030069441176
195.91975689474404
195.54482330211047
195.73260629340442
196.64037388300144
196.51409330117897
196.50312402888449
195.03139219247507
194.6845832848548
194.6733001448339
194.0471070512611
192.751802918269
192.1566183973612
191.91312205185534
191.0641612265779
190.93456700889914
190.50083420052948
191.82405612648557
192.23699534188415
191.98860531312607
192.82186776486031
193.69317818458143
194.0896770703893
194.46260848741642
195.02810534039403
194.59064309548003
194.91935999732138
195.1462328300639
195.04354386520663
194.42531882511418
194.05400029245615
194.1569889121259
193.89833284773357
194.12956343611467
194.18611290241734
194.8561272722178
194.92487680617953
194.93042348690156
195.05698115669435
195.7157278454192
196.12041596902685
196.11254652261752
195.94980847581624
195.9526644888344
196.31260099052182
196.4496296355664
196.43040118267427
196.10995286846077
196.05038004980818
196.20629852751728
195.92024633130887
195.95811648795672
196.61654765645113
196.1846630651566
194.93765328764272
194.79446895590755
194.59138076295216
194.41203495069834
194.5955922002726
194.64945370350785
195.02348494002322
194.76554902791636
194.49890567117907
194.91181773283284
195.43487575432968
194.4993502033921
193.4439728944921
193.95037450611417
192.83983364737733
192.74687105967354
192.75399680720315
193.16461798618383
193.6602034120785
193.654152983674
194.1871397005282
194.96956576698082
196.0352267486874
195.82374127230412
196.47146029855338
196.64941990725896
196.5170446137495
196.54737427980436
195.98170511156638
195.49566714740723
195.53930415770077
195.53920305095696
195.76947783576298
196.04578522697494
196.10369450219568
195.89937262879494
196.05839526793724
195.98805361491327
196.40810300315349
196.87811144626
196.811446493147
197.01482673286588
196.72114276875251
196.28068035549018
196.14911008508403
196.07247564687142
195.567994180448
195.3226977468802
195.00150320447827
194.86028001228732
194.72961477133617
194.28800346118095
193.94781862349276
194.29871202988457
194.62065890423673
194.2841638337998
193.76086982410592
193.24083232886133
192.68095524351833
191.56941295016242
189.80276341435354
188.34458899823898
187.4587742005901
186.15081596224817
184.59649362422937
183.8211834282534
183.27035602223143
182.00518724561815
181.08909486279614
180.59336120442308
181.09646623096054
182.0794080785102
182.00703170155265
182.44197168082704
182.76163991191456
183.03235789194676
183.41462855905823
184.3088388837005
184.274466575168
183.7607042159387
183.36364646362998
182.43940915949017
182.6545614719364
182.12394016237948
182.26853577963337
182.5608004945322
183.49196151229552
183.70684049727987
184.6337318866768
185.90919430860498
187.44989771550757
188.68430796950315
189.40027145520418
190.39677899652833
191.1868784817901
191.37593655046877
190.91436809887878
190.40016706214266
190.29418765322083
190.31815875902385
189.4903499074034
188.74189048477416
188.32376521276487
188.37455587414541
187.88585688980933
187.6264875648416
187.49587748694827
188.53543032940425
188.96070779835142
189.27638299871427
189.69596806814562
190.1039216621273
190.8108863837878
190.8885230718583
191.40376664277022
191.88057234400566
192.31731865181408
192.56226563296698
192.6597724665271
188.4596980472745
188.2385928785791
188.5147287869164
188.5779407715085
188.16932625653573
188.2922639322741
188.32718300438756
188.412526005509
188.24602079360005
188.4742601795797
192.88733906532144
192.32089275108095
192.00739930694846
191.43925882048117
190.49357285124262
189.84853623359862
189.07721549302738
188.7175862363371
188.16317241104898
187.6327899168798
187.05530259904918
188.00782182235497
188.21591461591183
188.5372025200797
189.54926832290147
189.39257357298126
189.41395431991546
189.22023191912788
189.39105536685364
189.40148017002397
188.7117567069448
187.4218678113437
187.0948048278089
186.11810590869726
185.50447905468678
185.0608127544152
185.11412751126213
184.67658442882583
183.6253626667739
182.7801555656048
183.362569130529
184.19217270658407
183.8627711828356
183.7302814697091
183.94998029166317
184.02177733074456
183.63680325008158
184.09082966357641
183.90596150454957
183.97725169284791
183.63406564115115
183.26383684229597
183.35874173780587
182.92821161754165
181.9167565910866
182.16729140948587
181.39753936121218
181.22836996832172
182.18198945009988
181.95011903507447
182.4354493136238
182.61270857288307
182.59270909870037
183.60485192496154
183.9746192644663
183.3741864087968
184.25279670932235
184.259394516097
184.33685095749647
185.2872757672535
185.0140385427242
184.6563008918944
184.9726631305623
184.6083859456967
185.51096190295235
185.78244739882422
185.81463051890745
185.99184266919812
186.41772930156958
186.43937691877022
187.0021693270042
187.44198561471586
187.9136884593431
188.83859979354287
189.17780268688043
189.69541234970617
190.0430733495439
190.20686383282447
190.30788057002894
190.3734505909939
189.66609138427984
189.6024539389727
189.2531276712994
189.32085500070633
188.31998554417822
188.62788542634993
188.3522784147858
188.41616706978832
188.15262995007842
188.66047199022836
189.41312842764495
190.00882888340232
190.07664616362652
189.6339328014633
189.65056721343197
189.57652511848684
189.74290736274855
189.56291719208645
189.70563839820994
189.31943866528337
188.76175012530356
188.42034358965302
188.44523791319037
188.45474958508095
188.9659863973563
188.97007142021894
189.04452047007396
189.33235475661238
189.01083645494796
189.104138473634
189.69619227939418
190.0673542541403
190.2680637460972
190.43142630625803
190.8463651209309
190.93016028056553
191.54743947352668
191.53490372544246
192.13298924082903
192.56788394847842
193.0679647600693
193.56790894348288
194.22236261338807
194.76690464700584
195.18238305333372
195.814329044157
196.1724086666624
196.7928942300618
196.99578964145934
197.3978014549733
197.5676162697881
197.7498069320793
197.78481019333364
197.95892456569908
198.18750133853547
198.3029784420347
198.46063832876672
198.55082880495715
198.74283557755874
198.6527942338647
198.78467869105023
198.6260065472775
198.68399885431978
198.75410892002827
198.8277680265783
198.76367187546
198.40312296745952
198.3307886273619
198.39073542078316
198.4326671349623
198.19445156029516
198.33701154755414
197.98523376977636
197.88775979515188
197.61795248719403
197.44674570908228
197.2897276202147
197.18870030588636
196.79696426470025
196.47725581814595
196.40591805310922
196.4047778089568
196.66633537804097
196.71295885736342
196.90430806371265
196.98964039028166
197.35109849189027
197.53638547769947
197.8763860008076
198.23279992292905
198.29243682974126
198.00371893472231
197.3440907933711
196.64293726504002
195.97376522822222
195.31447172989414
194.61512764593013
193.78626241807586
191.9629084687526
190.59761218025096
190.24932282853928
189.65466989926668
190.08691530460874
189.9734811980822
189.92783214473155
190.43930548094707
190.4181458129191
190.08453858976833
191.01933890332344
191.60437231950954
191.4289147397339
191.18102160830364
190.44239069319107
190.3647534459865
190.32090289290787
190.03335166728624
190.15919984873258
190.8586629164234
190.8235372215814
190.9512030163413
190.94917426579144
191.57638067228677
191.87127300607182
192.18236464701894
192.36672363385347
191.61468608587572
191.71041524800486
191.9114044847191
192.32055173074315
192.4662776678153
192.45615412438943
192.69503708312726
192.71779527487112
193.08801202541957
193.3962128788835
194.41992305393842
194.46533974325104
194.37546024758703
194.33430979249061
194.48128226811687
194.54509625340492
194.3783431642791
