0.6008233701281323
0.6089228376412437
0.613120892101454
0.6450436447599313
0.6905166114156527
0.7085830915678129
0.7300730564922107
0.7563519384384112
0.779646173093945
0.7955821700854891
0.8287998683094271
0.8552978815135504
0.8892463288245441
0.9121853542205836
0.9234446019024599
0.9429230754836375
0.9570217908797778
0.9615914813976969
0.96189163177773
0.9642914447075166
0.9700914844828189
0.9815812564053263
0.9852811242662758
0.9878609085967003
0.9875809121007583
0.9863409532627431
0.9852409884862121
0.9853409079090133
0.9875907966345387
0.9900904948452973
0.987990648945208
0.9839910391655413
0.9821611745377743
0.9754315060909036
0.9730116453111155
0.9668824602657325
0.9617827647094248
0.9512839638103247
0.9451842074179794
0.9165559149432513
0.9008768731880208
0.8898880798966304
0.8855185323200692
0.8872486090389333
0.8861489621090627
0.8893982581505308
0.8916982002844044
0.8952675850535232
0.8985976108334214
0.9278257941729373
0.9403051115524297
0.9443047409165708
0.9440643250692183
0.9485639503471809
0.9476538432330738
0.9514037739313723
0.9550035072318019
0.9541335278791246
0.9560132654851049
0.9562132491788333
0.9573629009911144
0.9589627103350569
0.9566329139556732
0.947113731128854
0.9496236109386794
0.9460238087166409
0.9358745664303034
0.9386744606288314
0.9374147662957245
0.9346150845593751
0.9335052771006875
0.9408043909988567
0.943074707043448
0.9481542265505123
0.9426547703937656
0.9456545823397626
0.9504044460017991
0.9540340096153459
0.9555336528155391
0.9546434857974351
0.9513034978952604
0.9525034710009489
0.9581328247663402
0.9581729084891496
0.9614823035407734
0.9588124582960622
0.9549825602497222
0.9531529065362294
0.9511831204350308
0.9512732350916885
0.9548732110677476
0.948743560911765
0.9378642620454037
0.9297650683817471
0.9170663105531108
0.9072573142390589
0.9063371923806214
0.9040770351397154
0.8993072597298342
0.8956175845557995
0.894617701678265
0.8954479705777413
0.9012980515246296
0.9091370222818149
0.9225261018351262
0.9242856642944591
0.9254359560244756
0.9208466334962768
0.9049371563678206
0.8958476052267127
0.8764786493200921
0.8774780382744739
0.8596792568295415
0.8450109215410414
0.8411115209108321
0.8487310167418652
0.8475105887729493
0.8450407995406058
0.8494612994397988
0.8615407981742959
0.8663110578217801
0.8653115475767577
0.8737405531505609
0.8694712538836014
0.8757703586707895
0.8398834078781482
0.8435631739362833
0.8508826120972739
0.8471226965427039
0.8499222630135744
0.8667208303975518
0.8709204829688056
0.8794900497718601
0.9036874885042495
0.9018875041724966
0.9345748016860348
0.9406345644200289
0.9455241037759977
0.9690125580709108
0.9678825445346376
0.9706423131832634
0.9707422010998279
0.9717422528586347
0.970012350014146
0.9596140501808137
0.9665134887455114
0.9672934796198958
0.9684533413415597
0.9672633824068301
0.9664936570874083
0.9682335910752006
0.9699834148515784
0.975072753091146
0.9754027979803016
0.989700783595938
0.9895007364432823
0.9848612680217123
0.9833115506736672
0.9818017762387135
0.9802618379907593
0.9758820981645588
0.9754321134386897
0.9726426265843253
0.9719427545702354
0.9656433897652239
0.9580944432932821
0.9604341563089271
0.9592340783788081
0.9616338117484917
0.9631637238942025
0.9665534747909781
0.9580143144783673
0.960313828007072
0.9617235436197978
0.9650233865403891
0.972472309718048
0.9724724075556781
0.9746722497984674
0.9714727277141668
0.9719829103056007
0.9716029405662759
0.9794422812800155
0.9780426189410024
0.9787925980742305
0.9820921340727553
0.9831921034144013
0.9854517609826967
0.9862517368384861
0.9897412589227867
0.9928207638823918
0.9941607153727927
0.9957605196975331
0.9976202458422317
0.997330278454775
0.9965304298130008
0.9958305504710456
0.994570735692279
0.9944507617906793
0.993320785272992
0.9924908164808443
0.9922608261600268
0.9909308352856421
0.9910907211417406
0.9900208678981854
0.9902506874970566
0.9909505726912571
0.9917303965956392
0.99079035680244
0.9887006822595993
0.9893506679832509
0.9894106726584582
0.9892409035618019
0.9898209146410604
0.9912207352720722
0.9916807532357168
0.9910507691899637
0.9902208598097252
0.9878813071077965
0.9894111222883138
0.9880113275991764
0.9841916350902633
0.9795717761175947
0.974072304541951
0.9715725693666961
0.9689226613433973
0.9648629537338568
0.9579136706155349
0.9577132544624207
0.9508237002904438
0.9413249523014955
0.9389450105261801
0.9284656713054436
0.9199154741091287
0.9158157800038913
0.8996769648348849
0.8837785176189248
0.86997876615703
0.8504807146655494
0.8374722037850999
0.8336714611631966
0.820272123808032
0.8179721891475884
0.8152230010065891
0.8003244219061065
0.8050742767035107
0.8068239415157434
0.8169235918883659
0.8268224859728825
0.8357514736248893
0.8398011691715752
0.8456013305251819
0.8537906099907142
0.8640898198002616
0.8804879187900252
0.8805680233111939
0.889306862669858
0.8810472528006675
0.8818474298447161
0.8797567492150409
0.8796069857989984
0.8770367129469581
0.8733874150080986
0.8667882691038331
0.8635888863325419
0.8616589732433508
0.8582398341251498
0.8638997424918378
0.8646000262337804
0.867960141383554
0.8651606328089786
0.8685705360311445
0.8707302693032817
0.8678306787980679
0.8680306898452544
0.8694403132417803
0.8602708373892396
0.8333036065970425
0.8297631807860626
0.8250640498391917
0.8233846776319147
0.8264452538761855
0.8235461608037067
0.8280949425273038
0.8226354037447889
0.8252953732196348
0.8426839250413032
0.8741908507223988
0.8839902235621935
0.8919195559256657
0.897188288764176
0.8984877540570378
0.9036869799465475
0.906667245262182
0.9127269222717314
0.9155665922759691
0.9136367805666991
0.9150971087033775
0.9087381767465399
0.9104080001329387
0.9110577658075405
0.909057988949179
0.9046583159728909
0.9046480672246149
0.9048476987602969
0.9011385273441856
0.8960791506285192
0.8965789434923511
0.9025782328867746
0.9048977552862232
0.9035587708222217
0.9056584477718396
0.9098583786326753
0.9120584893566983
0.9082487302353155
0.9115481826664265
0.9122383456653355
0.9140380172895689
0.9124374094441412
0.9099178491206533
0.9106176933426438
0.9073879070619787
0.9143869276708836
0.9156964600026674
0.913476909530127
0.914706842302475
0.9202061131487103
0.9170058111994461
0.9119072350301509
0.9040976713525082
0.9041971480154917
0.9096267384969909
0.9067269526371952
0.9031974553433043
0.91242675569484
0.9141961986454286
0.9149158416751165
0.9156760338846353
0.9184753207540192
0.926964530203845
0.9320638899377467
0.9299739931265222
0.9244740270893252
0.9195142811813544
0.9148042420409285
0.9133045578691809
0.8957975414442046
0.8935372704467461
0.8920368622669891
0.8814883594701108
0.8776586319438445
0.8760784856952037
0.8710795727290522
0.871839867571653
0.8668507245973796
0.8639508214501644
0.8741289421720271
0.8782293128286458
0.87825014967783
0.8861193576360853
0.8880498286840941
0.8946196042665567
0.9028588144077331
0.9104582528620483
0.9189575006987496
0.9255071528103006
0.9372158357544308
0.9425155231070115
0.9464548351374852
0.9483543972206739
0.9533538619601138
0.9506740629788302
0.951333915144485
0.951853618577856
0.9491337068841048
0.9480236962719235
0.9426042389142486
0.9422240920329854
0.9452640808770545
0.9511637100666105
0.952263587165801
0.9549232704586148
0.958923064093663
0.9573830329264685
0.9602029908887776
0.9599633317560491
0.9663828125960368
0.9679628249734161
0.9707625217269202
0.9693625874129012
0.9699625439833319
0.9698625333047476
0.9713623194475195
0.9765821912326391
0.9795818716963511
0.9855812057940969
0.9846311960002077
0.9847311869066427
0.9855310845038027
0.9840313260398776
0.9807013429545612
0.9839212498058882
0.9828412452124503
0.9815413585408873
0.9806313241964254
0.9761115660102805
0.9690626759789808
0.9633631943225998
0.9622632726912264
0.9602734935045056
0.9584040290401763
0.9547045502001525
0.9530047566715915
0.948605348919539
0.9492153877609464
0.9497358094704074
0.9553348621541146
0.9601344260494091
0.9588346150586066
0.9622740366983373
0.9619638284528799
0.961953793863205
0.9642035569283646
0.969702889186375
0.9634530708622859
0.9647725614502562
0.9667724555563636
0.9648726471290641
0.9645524901859627
0.9644026458052439
0.9613929884929618
0.9635025107854972
0.9565531763415327
0.9476539277312442
0.9537635016387579
0.948023805746981
0.9397940412015945
0.9377640801886427
0.9384842015329655
0.9371142683273819
0.9440337464516728
0.9379541226178695
0.9450434413847416
0.9468129044469968
0.9417932637065833
0.9360240625454216
0.9323943597525515
0.9263449756272897
0.9232453136547963
0.9216552614015351
0.909956377824623
0.9082064483399226
0.9006869975599475
0.9017173679876105
0.9000782995826022
0.9108672583578017
0.9096276163407481
0.9061070674621068
0.9047167838625343
0.9029770342716958
0.9154758115374838
0.9140068302254166
0.9044187745191767
0.9083681817952318
0.9178668590009991
0.9101673670241517
0.9223664963931544
0.9345261435752562
0.940155888173388
0.9445557709386423
0.9455556652682346
0.9524441863994554
0.9620417521284652
0.9647917169165335
0.9646917219503551
0.9712916460022415
0.9611821669811695
0.9603224677068564
0.9598024135638823
0.9626021102290304
0.9611022393064641
0.9530140728563288
0.963013853841554
0.9611139908270518
0.9583140210299812
0.9429146316454904
0.9301260880500981
0.9049192022956756
0.87760299192037
0.8630248827749926
0.8535454138485103
0.8439256830895534
0.8342163480557309
0.8339161601972286
0.832246184276979
0.8505649298446775
0.8728628854828239
0.9007694734210625
0.9299656811877501
0.9407738927335652
0.9483734589826318
