0.7000502645502645
0.7033257936507935
0.6694241622574956
0.6912753306878306
0.694469417989418
0.7060575837742503
0.6985885109599395
0.6696539682539682
0.6466891828336272
0.644685238095238
0.6269548148148149
0.6150735714285713
0.5999968783068783
0.5743577777777777
0.5606482804232804
0.5255899470899472
0.4998451851851852
0.49860539682539684
0.5096055555555555
0.49402529100529097
0.4825005291005291
0.48083629629629626
0.47056999999999993
0.46836997354497356
0.45635753968253967
0.46947058201058195
0.476673253968254
0.4744496031746032
0.45808338624338624
0.4572543915343915
0.4756458730158729
0.473172328042328
0.48967822751322754
0.5088727513227512
0.5271628042328041
0.5336337301587302
0.5637853174603173
0.572888492063492
0.5908707936507935
0.6281817460317459
0.6430999470899471
0.6596424867724868
0.666495105820106
0.658993015873016
0.6471999470899472
0.6405120634920636
0.6288584920634921
0.637913253968254
0.6324053968253969
0.5920114285714285
0.5853601587301587
0.579006560846561
0.5920526719576721
0.586352037037037
0.6013091534391535
0.6040515608465609
0.5941242592592593
0.616428306878307
0.6226945767195768
0.6361290211640211
0.6376417195767197
0.6367289682539683
0.6467655555555556
0.6661550793650794
0.6659346825396826
0.6680802380952382
0.6943625132275132
0.6764127513227514
0.6742779100529102
0.6681709259259259
0.6600671164021163
0.6619366402116402
0.6521011904761905
0.6469246825396826
0.6537376455026455
0.6478051058201058
0.6409600793650794
0.6307459259259259
0.627426798941799
0.6392111375661376
0.6592193915343915
0.6457187566137567
0.6309680158730158
0.6238854761904762
0.6259755555555555
0.6524857142857143
0.6437197354497355
0.6630969047619046
0.6737838888888888
0.6835154232804233
0.6651100264550265
0.6752827248677249
0.7015900264550264
0.7185932010582011
0.7188126984126985
0.7141719047619048
0.7171820105820106
0.7085459788359788
0.7151523015873016
0.705108306878307
0.7076100529100529
0.7144092592592592
0.6956891005291006
0.6839169576719577
0.6695087037037037
0.666372037037037
0.6645984920634921
0.676486746031746
0.6907426984126984
0.6922906613756614
0.7131558994708995
0.7133203439153439
0.725147962962963
0.739403597883598
0.7392272486772488
0.7257358201058202
0.7287767195767196
0.7172875661375662
0.7105001587301588
0.7105815873015873
0.7008056084656085
0.6829537830687831
0.6644116402116402
0.6395414814814815
0.6312171164021165
0.6548721428571429
0.6370235978835979
0.6335491005291006
0.6304325661375663
0.6203855026455027
0.6105118253968254
0.6164891798941798
0.6198960582010582
0.6059829365079364
0.5921292063492063
0.5692781746031745
0.5679928306878307
0.554173201058201
0.5201568253968254
0.5176742592592593
0.5165510052910053
0.5163336243386244
0.5207904232804232
0.5352188888888889
0.5584014814814815
0.5502984126984126
0.5675570899470899
0.5690925925925926
0.5849620634920635
0.585826164021164
0.574022433862434
0.5653084920634922
0.5670312962962962
0.5655987830687831
0.5631443915343916
0.5750398148148148
0.5712411904761904
0.589416111111111
0.5987407142857142
0.6214275132275132
0.6492485978835978
0.6690013756613756
0.6744442592592592
0.6883622222222221
0.703543544973545
0.7139379894179895
0.720995
0.7291692592592594
0.7306364021164022
0.7304676190476191
0.730626507936508
0.7400546560846563
0.74167917989418
0.7519718253968254
0.7514202116402117
0.7526407671957671
0.7528906084656085
0.7483078571428571
0.7550408730158731
0.7491324074074074
0.7382763227513228
0.7229833597883598
0.7132101322751323
0.6918752645502646
0.6803802645502646
0.6557204761904762
0.6366569047619046
0.6171029365079365
0.5959356349206348
0.5773882539682539
0.554326507936508
0.545830291005291
0.542853201058201
0.5470279100529101
0.5545200793650794
0.5730088095238097
0.5861107407407408
0.5947127777777779
0.6091044444444444
0.6262831481481481
0.6447858201058201
0.6622033068783069
0.6749044708994709
0.6748441534391535
0.6640199470899472
0.6563125925925926
0.6526753174603174
0.6553375132275132
0.6586282010582011
0.65957791005291
0.6590412433862435
0.654012724867725
0.6416372222222223
0.6443547354497354
0.6618611375661375
0.6655484126984128
0.6747467724867724
0.6689303174603174
0.6688382275132276
0.6690812698412698
0.6801547619047619
0.6849624338624338
0.7061247619047619
0.7156320634920634
0.7098697883597883
0.722341402116402
0.7207703703703705
0.7409334656084656
0.7521468518518519
0.763216164021164
0.7747124338624338
0.7745078571428572
0.7790339153439153
0.7955558201058202
0.7996652645502647
0.799833597883598
0.8120462962962962
0.8061055026455026
0.810267142857143
0.814738306878307
0.8078617195767196
0.8093133862433863
0.8036958465608466
0.7922443915343915
0.7968263756613758
0.8056008201058201
0.7855629365079365
0.7955747883597883
0.7873906349206349
0.7751096296296296
0.782402724867725
0.7883260317460318
0.7686931746031745
0.7599132275132275
0.7499417195767196
0.7486135449735449
0.7679961111111111
0.7551515608465609
0.7514589947089948
0.7615889682539683
0.7610744973544974
0.769117380952381
0.7851594444444445
0.7784218783068784
0.7932922751322751
0.7915232275132275
0.7803592328042328
0.7710332804232805
0.7666626455026455
0.7589346031746032
0.74651708994709
0.7443686772486773
0.7360388624338625
0.7478111640211641
0.7423325132275133
0.7475254761904762
0.7646263756613757
0.7931622751322751
0.8050112698412699
0.806196984126984
0.8053075396825398
0.7876524074074075
0.7890644444444445
0.7939772751322751
0.7978925396825398
0.7860451058201059
0.7669952910052911
0.7389509523809524
0.7244957142857144
0.7256889153439154
0.7188211375661376
0.7393082804232806
0.7473916402116403
0.7426265873015873
0.7437866402116402
0.7529464021164021
0.7596901851851853
0.7788331481481483
0.7985285978835979
0.8106204232804233
0.8199540740740743
0.812785396825397
0.8159965608465608
0.8277003703703704
0.8269160052910054
0.8199695238095239
0.8231736507936509
0.8318187301587303
0.8355957142857143
0.8346440476190476
0.8395689682539682
0.8314274338624339
0.8253352116402116
0.8137491798941798
0.8143707671957673
0.8085247354497355
0.8093987037037037
0.7861548941798941
0.7655820370370371
0.7570614021164022
0.7544445767195768
0.7567667460317461
0.7535279365079365
0.7567196296296298
0.7417793915343917
0.7479463756613758
0.7342393915343916
0.7468757407407407
0.7487130423280424
0.7517495502645503
0.7492746296296297
0.7438344973544975
0.7503110052910055
0.7459447089947091
0.7384540211640214
0.7389087830687832
0.751151560846561
0.7560293386243386
0.7672187037037037
0.7580025132275133
0.7577801322751323
0.7670996296296296
0.7560702645502645
0.7573937566137566
0.7755929365079366
0.7761981746031748
0.7729703174603175
0.7591126984126985
0.7590558730158731
0.7739842857142858
0.7787131746031746
0.7829673015873017
0.7964026984126985
0.807275238095238
0.8148063492063493
0.8152700000000002
0.8098806349206349
0.8165479365079367
0.801092380952381
0.7901296825396826
0.7858004761904762
0.7855200000000002
0.7767634920634922
0.7679369841269842
0.7526322222222224
0.7411271428571429
0.7413980952380953
0.7386019047619048
0.7411915873015873
0.7237996825396825
0.7208717460317461
0.7189395238095239
0.7164282539682539
0.7094695238095239
0.7038160317460318
0.7117274603174605
0.7024509523809523
0.6987457142857143
0.6968701587301588
0.7080752380952383
0.7035046031746033
0.6825115873015875
0.6757639682539682
0.6646657142857144
0.6739780952380953
0.6431066666666668
0.6519498412698412
0.6502073015873016
0.6507636507936507
0.645901746031746
0.6587628571428572
0.6592315873015874
0.6501404761904762
0.659676507936508
0.6388942857142857
0.6488798412698413
0.6456111111111111
0.6462180952380953
0.6322307936507936
0.6379252380952382
0.6206426984126985
0.6322326984126984
0.6544953968253967
0.6520203174603175
0.6779523809523811
0.6956419047619049
0.7031221428571428
0.7055105026455027
0.7276430952380953
0.7259864285714286
0.7344848412698413
0.7422767989417991
0.7440083862433864
0.7489193386243388
0.7449229894179895
0.7332656349206351
0.728928888888889
0.7250403703703704
0.7215688888888889
0.7281272222222223
0.7243925396825397
0.714875291005291
0.7165595767195768
0.7311301587301589
0.7273900793650794
0.7402529100529102
0.7451298941798943
0.7520391005291006
0.7510271957671958
0.7560855291005291
0.762478306878307
0.7607632804232806
0.7596545502645504
0.7479735714285715
0.760562380952381
0.76039626984127
0.7670346825396827
0.7769357936507937
0.7881830952380954
0.778318015873016
0.7861818253968255
0.7891421428571429
0.7930026190476192
0.8003199206349209
0.7995757142857144
0.8042005555555557
0.8086543650793651
0.8086653174603177
0.8048453174603175
0.8110188095238098
0.8080541269841272
0.821950396825397
0.8219565873015874
0.8190698412698414
0.8191676984126985
0.8302200000000001
0.8366566666666667
0.840136507936508
0.8489042857142859
0.8422358730158731
0.8494938888888889
0.856688253968254
0.8509461904761906
0.8513617460317461
0.8527347619047619
0.8441911111111111
0.8394046031746033
0.834884126984127
0.8298126984126984
0.8305638095238097
0.8297549206349206
0.8222015873015873
0.8170204761904764
0.8247704761904764
0.8244307936507937
0.8338280952380954
0.8243507936507939
0.829754126984127
0.8308099999999999
0.8385652380952383
0.8340285714285715
0.8356430158730159
0.8396352380952381
0.8488352380952382
0.8534138095238095
0.8518419047619048
0.861063015873016
0.8548996825396825
0.8435685714285714
0.8536342857142858
0.8546598412698414
0.8551738095238095
0.8625293650793651
0.8503771428571429
0.8334515873015874
0.8280604761904762
0.8255173015873016
0.8157395238095239
0.8194595238095239
0.811004761904762
