0.8315091189827857
0.7040135526768471
0.7549144311867108
0.9460011071751109
0.7019084932924704
0.5397289326189132
0.8410025179137554
0.8550088712511277
0.8302127816604239
0.9088066732015153
0.648016662638222
0.7130165149602206
0.7263058811750572
0.6730276263538605
0.8600073134514662
0.8350130173164633
0.7820148810597833
0.8240106717275284
0.8731055374694713
0.752017177638537
0.8243045004071323
0.5014364176783882
0.6860103104244061
0.6710253897215602
0.7890140584923875
0.8140104476989006
0.8860074374387535
0.9490008153135825
0.7685185355527969
0.8760099756404223
0.8610027726136998
0.8447130788917873
0.8400114579301637
0.874013246959475
0.8040176342289456
0.8000116586785384
0.8547091289272848
0.8325104486858377
0.9160050514799113
0.8420063578825343
0.822009267140361
0.8170145942766764
0.9360024459407473
0.826017142868271
0.9350048474935053
0.7223224650067341
0.7900163197488159
0.9046042129451627
0.8718108212675836
0.7412143619656478
0.9040077048561316
0.7940185004405157
0.9059062754221028
0.8423081118206962
0.928203919732747
0.8060145111393431
0.8990083747689905
0.8900065395142674
0.9410049485794357
0.8962089983442761
0.9550034412450187
0.9800013828295073
0.9580025908138708
0.9760027225577556
0.9003069772388926
0.8934069645263631
0.9770024105417334
0.9300063711611224
0.9979000912561562
0.9565021197903303
0.9950005870578191
0.9902007755480948
0.9785016872929264
0.9810021381540086
0.965702903019505
0.9167073779405217
0.9341051936890071
0.9680024840353626
0.9700002348231276
0.8409095380685341
0.9415048659122269
0.989500697878944
0.9611018892822651
0.9847005804443056
0.9630030931322147
0.9515032610293701
0.9730027720661804
0.9720022351872344
0.9117055668031337
0.8410127599756335
0.966001174115638
0.9800014240592378
0.9320064570601422
0.9800010494033964
0.9715030255715845
0.981000775548095
0.9890005870578191
0.981
0.9790000503382159
0.9860009763927687
0.9440039224837654
0.9740029604445143
0.9287031985730045
0.9420050484668278
0.9320055352372053
0.8716056086324825
0.9253020470748793
0.8340133285545885
0.9127032960020438
0.9310029351288969
0.9460018785850209
0.9314025634122753
0.9710037128602285
0.963002009236756
0.9540027004659676
0.9753010688529921
0.9813009013942681
0.983100638879926
0.998800110792585
0.9973
0.995000724011277
0.990000577816513
0.999
0.9932001006764319
0.9950004431703399
0.9980002215851699
0.9960003323777549
0.998800110792585
1.0
0.9970004891881494
0.9861017070515647
0.9893007529272979
0.9791019372107037
0.9880017936898814
0.979000211469017
0.9650036753846006
0.9700013045017319
0.9420015682408803
0.9658039117620186
0.9770020761772833
0.9730033023665112
0.9768004413938024
0.996000156420663
0.9935001368842343
0.9950006327089717
0.996000271923386
0.99220036788968
0.996500110792585
0.992600422938034
0.999
0.996700271923386
0.999
0.992400326125433
0.9966002215851699
0.9900011152781424
0.987000775548095
0.961002941696261
0.9660002180879957
0.9450052852799822
0.9240044883764286
0.8714010697596486
0.9040051071415239
0.9390045336906654
0.8930009564261041
0.9150029858929525
0.9120089147764288
0.9231013435281172
0.949303563456801
0.9489028094878361
0.9392038242191395
0.9170057782221746
0.9000047101690171
0.9620024820937252
0.9570035744052328
0.9890009663282304
0.9690028485136547
0.9880011648743321
0.9520034383782363
0.9710008656517984
0.9710023414004842
0.9619005598222682
0.9680017324044348
0.9757011849876576
0.978001683668914
0.9771015393248594
0.9700033498826933
0.9591006985515851
0.9890003522346915
0.9681012878071223
0.9570024270781677
0.9690029051415474
0.9730008675320994
0.9496021383986142
0.9470038579792944
0.9499031507475637
0.9598005420702346
0.9588025891679378
0.96600275146167
0.9870014023714014
0.9950001174115638
0.9910001174115638
0.9935000912561561
0.9850013060727003
0.9810012016969029
0.9897007824875813
0.9605026415647134
0.9620007144057066
0.9240030447075022
0.9231026667461261
0.8819040527857787
0.8631068622209253
0.8709081561509554
0.9590008594455437
0.8700098009355492
0.9318040876286703
0.9098049023045764
0.9290071136092438
0.8981066552602842
0.904606307672097
0.9240047178873069
0.9679027840026424
0.976001727534396
0.9595040568875705
0.9720022728540123
0.9388027004073022
0.9430046483676578
0.996000100676432
0.98600056235543
0.9990001174115638
0.9990001630627166
0.9889006978504039
0.9959
0.9849010223763691
0.9854009227156767
0.9920001174115638
0.9852001825123122
0.9828017675113991
0.92300770941229
0.9560025260496543
0.9813011049361724
0.9719028550943796
0.9160049787418182
0.9572015654452407
0.9632035875141992
0.999000110792585
0.9840005959116492
0.9940006647555099
0.9840003522346915
0.995000100676432
0.9908004463823804
0.9940003977695592
0.9939004219211319
0.998000110792585
0.9899003584694042
0.9980001630627165
0.9960005152974079
0.993
0.9643015765942128
0.9258052623277763
0.9580030315309895
0.9080014114759579
0.9620021857651828
0.9100043955587207
0.9540031389155674
0.9026040964757649
0.981
0.9590027096188329
0.9302052374561628
0.5780365344948009
0.9070095181975416
0.9593016293993376
0.952702633245757
0.9699022904466811
0.9820012915272018
0.9940005403057465
0.9716018106573023
0.9800016062828718
0.9810004784579812
0.9942002672132481
0.9979002738553014
0.9988
0.9950005999807344
0.9928002543188728
0.9919001368842343
0.9948002588814903
0.9905005020363756
0.9920004497893188
0.9740025436073478
0.9618030941394962
0.9800021609465163
0.9650038460270496
0.9766012385753713
0.9860006763557755
0.9460027848729733
0.8948099867351537
0.9440039107790009
0.9560038437579063
0.9730018002572456
0.933
0.961002006853226
0.9960001677497798
0.9699020525335806
0.9932005086377453
0.9530045711471307
0.8844080442747883
0.9550036299915834
0.993
0.9730009690083135
0.986001630627165
0.9610027517327542
0.9484057985660947
0.9530021957945402
0.989
0.9556022319431069
0.9540032612543298
0.9618022082387477
0.9614014481129499
0.9216083568391428
0.9866000912561561
0.986
0.9780033786658936
0.993000332377755
0.989
0.9917
0.9484048308898739
0.9810011414390154
1.0
0.9991
0.9594046707407307
0.9859
0.9919011870670936
0.9170109252020049
0.942006581031113
0.9650000503382159
0.9700039322621617
0.9570037727790919
0.9684005998477523
0.9602044723336367
0.9290072060211353
0.9620010589389256
0.9830003528689895
0.9860001174115638
0.9400086992295542
0.981802265972304
0.9730024198181781
0.9840017936898814
0.9682004870218807
0.9510065314007938
0.967003267821694
0.9662002281403904
0.9478061300209852
0.964900756204657
0.9742005899281783
0.9660024273207166
0.9549027763698449
0.9830016353142282
0.9723013238821039
0.952004190860675
0.9251044658976227
0.9470040701607463
0.9320064833039882
0.955303743713593
0.9160073386869435
0.9528021833340624
0.8958078811296954
0.9576008299691169
0.9539032376945681
0.96620197245427
0.9545040067052496
0.9615010433385999
0.9590047117575093
0.9730014089387656
0.9340055043668731
0.9710044744537563
0.9783004219211321
0.9638014322285963
0.980601004393259
0.9579036557467188
0.9581034737674402
0.9698020994994226
0.996
0.9740020166788252
0.9848008413536171
0.9859006716543125
0.9733017103927195
0.9900004431703399
0.9960002215851699
0.9810015179487316
0.9930006783601243
0.9910009389774682
0.9940006647555099
0.9860017958731182
1.0
0.9950004788667425
0.9980003261254331
0.996400110792585
0.9976
0.9993
0.9980002215851699
1.0
0.9977002215851699
0.9997999999999999
0.999000110792585
0.9990001174115638
0.9970003389967337
0.9990000503382159
0.9980003261254331
0.997800326125433
0.99770022158517
0.9970002738553014
0.9964003846478864
0.9990001630627166
0.995000378005833
0.9945001630627165
0.9934000000000001
0.9990000503382159
0.9940006647555099
0.998200110792585
1.0
1.0
1.0
0.999000110792585
0.9877
0.9990001174115638
0.997000332377755
0.9967999999999999
0.9915006499292189
0.9940006647555099
0.996100332377755
0.9972002215851699
0.999
0.9980002215851699
0.998000110792585
0.9959000959662941
0.9950002215851699
0.9980002215851699
0.9948000912561561
0.9971001630627165
0.999000110792585
0.9970003522346915
0.997000100676432
0.9912004431703398
0.998000110792585
0.995600045628078
0.999000110792585
0.9970002851613435
0.9990001174115638
0.9920004887984181
0.9910010037522436
0.9780018094092621
0.9680035069596806
0.9527013750257816
0.9556029728639818
0.9651028382783575
0.9860011605626381
0.9638036488302694
0.9670016306271649
0.988000978376299
0.9910010567040742
0.9790034243170463
0.9880008554840308
0.9821004265068242
0.9940004891881494
0.9523039637271136
0.9650027848682129
0.9713006853883144
0.996500376463649
0.9827006146445912
0.986401050021337
0.9908001174115638
0.9840017561076306
0.995600045628078
0.9873006556143578
0.9870007884106831
0.9809012366478899
0.9789014452459441
0.9759017140720733
0.9970000912561561
0.9968000503382162
0.9747017697603774
0.9464023048444937
0.9520043201600753
0.9910009908809428
0.9860004983133845
0.9910006157685857
0.9742018915735653
0.9470016197768579
0.9570038669472825
0.9527044551775034
0.9780003528689895
0.9315048053735095
0.9910005032493395
0.9880013626059139
0.9835008218809467
0.9916011414390155
0.9686015602859946
0.9970002348231276
1.0
0.9719020317324135
1.0
