0.4769330687830688
0.43613465608465607
0.6816285714285714
0.5183838624338624
0.5140486772486772
0.48723888888888894
0.6506521164021165
0.46484444444444445
0.6116119047619047
0.610418253968254
0.530892857142857
0.4072216931216931
0.6899486772486771
0.7415957671957671
0.6408626984126984
0.6276904761904761
0.6745349206349206
0.5019896825396826
0.5230071428571429
0.6898738095238095
0.3867613756613756
0.46303306878306877
0.3250806878306878
0.43426957671957667
0.46997698412698413
0.6730132275132276
0.3958087301587301
0.4710272486772486
0.594924074074074
0.5311457671957671
0.44030238095238095
0.4904494708994709
0.5837571428571429
0.4241873015873016
0.4747031746031746
0.5643563492063493
0.4899328042328042
0.6819544973544973
0.5601492063492063
0.528888888888889
0.5686550264550265
0.6522142857142857
0.5896685185185185
0.3609357142857143
0.6500664021164022
0.6568984126984128
0.6640206349206351
0.682933597883598
0.5846857142857144
0.5955857142857143
0.6053544973544974
0.6621920634920635
0.6160190476190477
0.5290571428571429
0.6270132275132275
0.6309817460317461
0.7571359788359789
0.7164317460317461
0.6812619047619048
0.7332177248677249
0.7346746031746032
0.6758277777777778
0.6825301587301588
0.8009857142857144
0.8093714285714286
0.7802857142857144
0.867970634920635
0.7734
0.6648444444444445
0.8131476190476191
0.8773634920634922
0.8310095238095239
0.6277444444444444
0.9070174603174604
0.7607666666666667
0.8837
0.8511888888888889
0.8750666666666668
0.8572698412698414
0.7683539682539683
0.7949984126984128
0.7031444444444445
0.8941587301587304
0.7641126984126985
0.8548349206349206
0.8225206349206351
0.8468952380952383
0.7374666666666667
0.7877238095238097
0.7625042328042329
0.7523444444444446
0.7649222222222222
0.6981444444444443
0.8424111111111111
0.6958650793650792
0.7209722222222221
0.6827587301587301
0.7840222222222224
0.8114502645502646
0.6350761904761905
0.7440253968253969
0.839184126984127
0.752120634920635
0.8168301587301589
0.7579238095238094
0.8504174603174603
0.7565158730158731
0.7356666666666667
0.7790650793650794
0.8896888888888891
0.5457222222222223
0.7754865079365079
0.6384047619047619
0.8289603174603176
0.6736476190476189
0.6801111111111111
0.7549079365079365
0.7053666666666666
0.5844555555555555
0.8339111111111112
0.8095999999999999
0.8498666666666667
0.7330555555555556
0.8297285714285715
0.8183206349206349
0.8314222222222222
0.7783539682539683
0.8651777777777779
0.8375936507936508
0.8119444444444446
0.8092968253968253
0.8632269841269843
0.7183777777777779
0.8038777777777777
0.7633666666666666
0.837
0.8411000000000001
0.8157761904761905
0.7460444444444445
0.8107492063492063
0.9031111111111111
0.7267333333333333
0.8522333333333334
0.7153
0.774511111111111
0.7603888888888889
0.8166222222222222
0.7954000000000001
0.9312111111111112
0.8091984126984128
0.7525793650793651
0.7892
0.7752
0.9225952380952381
0.7642222222222221
0.7995555555555556
0.7991777777777777
0.6909777777777779
0.8166095238095238
0.7524555555555557
0.6570444444444444
0.7774126984126984
0.7953111111111111
0.8067126984126985
0.7007013227513228
0.667788888888889
0.7579976190476191
0.5448222222222223
0.7187396825396825
0.7947904761904763
0.7198507936507937
0.6957301587301588
0.8488111111111112
0.7957595238095239
0.7178095238095239
0.7579523809523809
0.6643555555555556
0.6146111111111112
0.654231746031746
0.7888269841269843
0.6758777777777778
0.8476777777777778
0.7348111111111111
0.6760444444444444
0.8561111111111112
0.7590444444444445
0.7884984126984127
0.6504666666666667
0.7583190476190477
0.8863269841269842
0.8226190476190477
0.7873333333333334
0.7984222222222224
0.6932555555555557
0.7225222222222222
0.9102285714285715
0.6847555555555556
0.7205777777777778
0.8960222222222224
0.7605460317460317
0.7032619047619049
0.7744936507936508
0.7055555555555556
0.8207777777777778
0.8865190476190477
0.8198349206349208
0.7194301587301588
0.8151396825396826
0.756888888888889
0.853288888888889
0.7908777777777779
0.7179111111111112
0.7823666666666668
0.8518857142857145
0.8758333333333334
0.7722777777777778
0.7597873015873017
0.8068666666666668
0.7533190476190478
0.7287555555555557
0.676888888888889
0.7508476190476191
0.7307555555555555
0.8817333333333335
0.7542000000000001
0.5655777777777777
0.6190333333333333
0.8478222222222223
0.8754507936507938
0.8633222222222223
0.7907634920634922
0.7278555555555556
0.7493000000000001
0.6750222222222221
0.7818555555555556
0.7372111111111113
0.6897000000000001
0.7323000000000001
0.8116444444444446
0.7896603174603176
0.7546444444444446
0.7824333333333334
0.7499523809523809
0.7965444444444445
0.8900682539682541
0.8570555555555557
0.7786333333333334
0.8022
0.8677111111111112
0.6786777777777778
0.7770952380952381
0.8114555555555555
0.841
0.8170000000000001
0.8981555555555556
0.8195333333333333
0.6780111111111112
0.7384888888888891
0.8070904761904762
0.734415873015873
0.7103555555555556
0.8380444444444445
0.7933111111111111
0.9199555555555557
0.7553666666666667
0.8842857142857145
0.7091888888888889
0.8929936507936509
0.8526333333333335
0.8127666666666666
0.8018714285714286
0.8194444444444445
0.7547777777777779
0.6931174603174604
0.7731158730158731
0.7337666666666668
0.5660333333333333
0.8608000000000002
0.5988428571428571
0.6145365079365078
0.801268253968254
0.7475333333333333
0.7182333333333334
0.692115873015873
0.6416555555555555
0.702552380952381
0.8497714285714287
0.6933857142857144
0.6167880952380953
0.7378888888888889
0.7135185185185184
0.6492269841269842
0.6339497354497355
0.7354269841269842
0.7699148148148148
0.7641420634920635
0.7949111111111111
0.8156174603174604
0.7498833333333335
0.8137968253968254
0.7241968253968254
0.693631746031746
0.760720634920635
0.7301415343915345
0.7509346560846561
0.6684129629629629
0.6701095238095238
0.6322825396825397
0.7887277777777779
0.47612486772486773
0.6763920634920636
0.6779269841269842
0.47911798941798933
0.48591957671957675
0.7064272486772487
0.6473589947089947
0.7239764550264551
0.5252719576719576
0.3814775132275132
0.5095510582010583
0.5394645502645503
0.46953492063492064
0.6335574074074074
0.5191629629629629
0.4970322751322751
0.46164285714285713
0.5841505291005291
0.712131746031746
0.647813492063492
0.5584198412698415
0.6680597883597884
0.5381870370370371
0.5679460317460318
0.7256507936507938
0.6370809523809524
0.6739433862433861
0.6704817460317462
0.5955761904761905
0.7932746031746033
0.7144174603174603
0.8268444444444445
0.6732555555555556
0.6752539682539683
0.7410476190476191
0.682367724867725
0.662431216931217
0.7589439153439154
0.8408211640211641
0.7410444444444445
0.844457142857143
0.7523555555555557
0.7874587301587304
0.85424126984127
0.7149865079365079
0.8323428571428572
0.7104603174603173
0.834380687830688
0.7631666666666668
0.9024277777777779
0.7930666666666667
0.8643746031746031
0.7939777777777779
0.7545444444444445
0.8809158730158732
0.9342
0.8042650793650794
0.8113888888888889
0.8499396825396827
0.8816555555555555
0.8768285714285714
0.7748333333333333
0.9507174603174603
0.8122777777777779
0.8306222222222223
0.7388015873015872
0.9154333333333334
0.9024158730158731
0.920320634920635
0.8567269841269842
0.6792444444444444
0.798315873015873
0.6646555555555556
0.7662222222222221
0.744852380952381
0.7416
0.7867158730158731
0.7214079365079364
0.7485634920634922
0.6948685185185186
0.6322222222222222
0.7431455026455027
0.6912833333333332
0.6588423280423281
0.7155550264550266
0.7190380952380954
0.6499283068783069
0.7003637566137566
0.7684912698412698
0.5447746031746031
0.6855190476190477
0.7486373015873016
0.5161
0.5979502645502646
0.5796896825396826
0.5207722222222222
0.6784555555555556
0.7395531746031746
0.7106333333333335
0.8010753968253969
0.7668269841269841
0.8520597883597884
0.8135460317460318
0.8346428571428572
0.7814920634920633
0.7448944444444444
0.8381555555555555
0.7216000000000001
0.8136650793650795
0.82634708994709
0.6550222222222223
0.8573579365079366
0.8651767195767195
0.8248153439153438
0.7439396825396826
0.8048195767195766
0.7838650793650793
0.8074481481481482
0.8201460317460317
0.7826481481481483
0.6770396825396825
0.747247619047619
0.6514952380952381
0.7707791005291006
0.7744462962962962
0.8176666666666668
0.785683597883598
0.6625907407407408
0.7930952380952382
0.8553597883597884
0.6893666666666668
0.8613650793650794
0.8799798941798942
0.8285698412698413
0.8159489417989418
0.7675595238095239
0.7754500000000001
0.8209928571428573
0.7573603174603175
0.8479566137566137
0.839873015873016
0.7762587301587303
0.7505719576719577
0.6947888888888888
0.7853777777777777
0.7341780423280424
0.832262962962963
0.8340925925925926
0.7705169312169312
0.8497989417989419
0.6738984126984127
0.8245333333333333
0.8529000000000001
0.8375574074074075
0.7477888888888887
0.8221558201058201
0.7801576719576719
0.8241857142857143
0.83254126984127
0.8747888888888891
0.7356148148148148
0.8470928571428573
0.8087888888888888
0.787136507936508
0.7403984126984127
0.7633301587301587
0.8064936507936508
0.7641719576719577
0.8656574074074075
0.7169253968253969
0.8776777777777779
0.9074603174603176
0.7710746031746032
0.8358412698412698
0.9100222222222224
0.8495666666666667
0.9158571428571429
0.8001873015873017
0.9318222222222223
0.7351079365079365
0.8160455026455027
0.7634296296296296
0.6936537037037037
0.8479380952380954
0.8883621693121693
0.6497751322751322
0.8820132275132275
0.7943042328042329
0.7640166666666667
0.667611111111111
0.7612619047619048
